TAM|Threads|Bloco|Tempo|Desvio Padrão|Cache-Miss|
20000|-|-|1.100419|0.003775|78.000000
20000|2|256|0.701418|0.0022058|58.5
20000|4|256|0.499437|0.00137007|57.7
20000|8|256|0.383039|0.00388456|56.55
20000|12|256|0.364409|0.0163331|55.9
20000|2|512|0.671436|0.00171148|61.9
20000|4|512|0.483324|0.00158908|61.2
20000|8|512|0.377986|0.0045961|59.9
20000|12|512|0.35887|0.00829642|59
20000|2|1024|0.665005|0.00168472|66
20000|4|1024|0.489237|0.0011794|65
20000|8|1024|0.400679|0.00617433|64.15
20000|12|1024|0.3697|0.00886924|63.05
20000|2|2048|0.689107|0.00152105|71.05
20000|4|2048|0.531935|0.00143567|69.75
20000|8|2048|0.448582|0.00728932|68.6
20000|12|2048|0.40007|0.00878112|67.75
40000|-|-|4.388976|0.007627|79.450000
40000|2|256|2.80926|0.00530252|64.4
40000|4|256|1.96338|0.00401748|64.25
40000|8|256|1.49902|0.0299449|64
40000|12|256|1.27782|0.0127263|64.95
40000|2|512|2.62746|0.00474653|64.2
40000|4|512|1.85128|0.00299248|63.9
40000|8|512|1.43518|0.0310699|63
40000|12|512|1.22633|0.0118434|62.3
40000|2|1024|2.57215|0.00483498|66.2
40000|4|1024|1.83204|0.00323714|65.55
40000|8|1024|1.42893|0.0239895|64.95
40000|12|1024|1.23017|0.0120592|63.95
40000|2|2048|2.60545|0.00428916|70.9
40000|4|2048|1.89632|0.00343111|69.75
40000|8|2048|1.52938|0.0190619|68.55
40000|12|2048|1.30091|0.0124625|67.35
60000|-|-|9.837239|0.015223|81.600000
60000|2|256|6.31779|0.0149779|66.1
60000|4|256|4.39584|0.00881454|66.1
60000|8|256|3.3483|0.0791276|66.95
60000|12|256|2.87356|0.0806041|68.25
60000|2|512|5.87868|0.00914962|64.9
60000|4|512|4.10125|0.00707773|64.25
60000|8|512|3.13342|0.0642608|64
60000|12|512|2.6845|0.0766259|63.65
60000|2|1024|5.70443|0.00804073|66.35
60000|4|1024|4.01153|0.00990966|65.6
60000|8|1024|3.05032|0.0332453|64.95
60000|12|1024|2.57376|0.0254787|63.85
60000|2|2048|5.73566|0.00896722|70.3
60000|4|2048|4.08814|0.0065424|69.55
60000|8|2048|3.16678|0.0350998|68.15
60000|12|2048|2.66796|0.0219319|67.25
80000|-|-|17.857792|0.043316|82.550000
80000|2|256|11.2834|0.0191573|71.5
80000|4|256|7.98189|0.0118923|72
80000|8|256|6.15442|0.0662661|73.05
80000|12|256|5.22563|0.124576|74.55
80000|2|512|10.559|0.0224371|70
80000|4|512|7.46334|0.0073409|69.1
80000|8|512|5.78306|0.0633829|68.35
80000|12|512|4.92806|0.0535036|68.4
80000|2|1024|10.2612|0.0256834|65
80000|4|1024|7.28806|0.00985019|64.2
80000|8|1024|5.60101|0.0474309|63.1
80000|12|1024|4.70817|0.0192335|62.1
80000|2|2048|10.2972|0.0222344|62.3
80000|4|2048|7.37279|0.0122931|61.55
80000|8|2048|5.70419|0.0354124|60.3
80000|12|2048|4.73277|0.0234639|59.45
100000|-|-|27.684120|0.044554|83.000000
100000|2|256|17.6371|0.0292291|72
100000|4|256|12.4001|0.019317|72
100000|8|256|9.48395|0.143994|73.15
100000|12|256|8.02235|0.211216|74.65
100000|2|512|16.4197|0.031274|69.95
100000|4|512|11.5089|0.0145871|69
100000|8|512|8.79188|0.0965228|68
100000|12|512|7.37688|0.0492537|68
100000|2|1024|15.8195|0.035155|65.9
100000|4|1024|11.1277|0.0171228|65.15
100000|8|1024|8.4621|0.0692989|63.9
100000|12|1024|6.99829|0.0260076|62.95
100000|2|2048|15.8033|0.0292118|63.7
100000|4|2048|11.2082|0.0156931|63
100000|8|2048|8.53524|0.0585551|61.75
100000|12|2048|7.10507|0.0480823|60.9

tam|threads|block|diff_avg|diff_std|elapsed_avg|elapsed_std|miss_avg
20000|-|-|0.065|0.003|1.12|0.025|-
20000|1|1024|0.063|0.001|1.22|0.001|68,600000
20000|2|1024|0.066|0.002|0.68|0.002|65,850000
20000|4|1024|0.067|0.001|0.50|0.001|64,850000
20000|8|1024|0.066|0.001|0.39|0.001|64,000000
20000|12|1024|0.067|0.001|0.34|0.001|63,100000
40000|-|-|0.195|0.008|4.47|0.072|-
40000|1|1024|0.193|0.004|4.90|0.009|69,000000
40000|2|1024|0.196|0.002|2.64|0.005|66,400000
40000|4|1024|0.195|0.002|1.87|0.003|65,950000
40000|8|1024|0.194|0.002|1.43|0.030|64,900000
40000|12|1024|0.195|0.002|1.21|0.005|64,050000
60000|-|-|0.370|0.011|9.86|0.103|-
60000|1|1024|0.375|0.003|11.03|0.018|68,900000
60000|2|1024|0.378|0.003|5.86|0.010|66,000000
60000|4|1024|0.377|0.004|4.11|0.015|65,100000
60000|8|1024|0.377|0.003|3.10|0.060|64,250000
60000|12|1024|0.379|0.003|2.58|0.024|63,250000
80000|-|-|0.858|0.005|17.86|0.097|-
80000|1|1024|0.887|0.005|19.75|0.026|66,950000
80000|2|1024|0.893|0.007|10.55|0.022|65,350000
80000|4|1024|0.888|0.006|7.47|0.012|64,550000
80000|8|1024|0.897|0.006|5.61|0.035|64,000000
80000|12|1024|0.900|0.006|4.73|0.011|63,000000
100000|-|-|1.140|0.003|27.66|0.127|-
100000|1|1024|1.199|0.012|30.73|0.056|68,000000
100000|2|1024|1.214|0.010|16.28|0.025|66,050000
100000|4|1024|1.205|0.005|11.46|0.016|65,100000
100000|8|1024|1.205|0.007|8.50|0.059|64,100000
100000|12|1024|1.214|0.009|7.06|0.025|63,350000

